,2010_2014_percent_upzoned,2010_2018_percent_upzoned,2014_2018_percent_upzoned,d_2010_2014_resid_units,d_2010_2018_resid_units,d_2014_2018_resid_units,orig_percent_residential,orig_percent_mixed_development,orig_percent_subsidized_properties,2002_2010_percent_upzoned,d_2002_2010_resid_units,d_2010_2018_pop_density,d_2010_2018_resid_unit_density,d_2010_2018_per_capita_income,d_2010_2018_percent_non_hispanic_or_latino_white_alone,d_2010_2018_percent_non_hispanic_black_alone,d_2010_2018_percent_hispanic_any_race,d_2010_2018_percent_non_hispanic_asian_alone,d_2010_2018_percent_multi_family_units,d_2010_2018_percent_occupied_housing_units,d_2010_2018_median_gross_rent,d_2010_2018_median_home_value,d_2010_2018_percent_households_with_people_under_18,d_2010_2018_percent_of_households_in_same_house_year_ago,d_2010_2018_percent_bachelor_degree_or_higher,d_2010_2018_percent_car_commuters,d_2010_2018_percent_public_transport_commuters,d_2010_2018_percent_public_transport_trips_under_45_min,d_2010_2018_percent_car_trips_under_45_min,d_2010_2014_pop_density,d_2010_2014_resid_unit_density,d_2010_2014_per_capita_income,d_2010_2014_percent_non_hispanic_or_latino_white_alone,d_2010_2014_percent_non_hispanic_black_alone,d_2010_2014_percent_hispanic_any_race,d_2010_2014_percent_non_hispanic_asian_alone,d_2010_2014_percent_multi_family_units,d_2010_2014_percent_occupied_housing_units,d_2010_2014_median_gross_rent,d_2010_2014_median_home_value,d_2010_2014_percent_households_with_people_under_18,d_2010_2014_percent_of_households_in_same_house_year_ago,d_2010_2014_percent_bachelor_degree_or_higher,d_2010_2014_percent_car_commuters,d_2010_2014_percent_public_transport_commuters,d_2010_2014_percent_public_transport_trips_under_45_min,d_2010_2014_percent_car_trips_under_45_min,d_2014_2018_pop_density,d_2014_2018_resid_unit_density,d_2014_2018_per_capita_income,d_2014_2018_percent_non_hispanic_or_latino_white_alone,d_2014_2018_percent_non_hispanic_black_alone,d_2014_2018_percent_hispanic_any_race,d_2014_2018_percent_non_hispanic_asian_alone,d_2014_2018_percent_multi_family_units,d_2014_2018_percent_occupied_housing_units,d_2014_2018_median_gross_rent,d_2014_2018_median_home_value,d_2014_2018_percent_households_with_people_under_18,d_2014_2018_percent_of_households_in_same_house_year_ago,d_2014_2018_percent_bachelor_degree_or_higher,d_2014_2018_percent_car_commuters,d_2014_2018_percent_public_transport_commuters,d_2014_2018_percent_public_transport_trips_under_45_min,d_2014_2018_percent_car_trips_under_45_min,orig_pop_density,orig_percent_non_hispanic_or_latino_white_alone,orig_percent_non_hispanic_black_alone,orig_percent_hispanic_any_race,orig_percent_non_hispanic_asian_alone,orig_median_age,orig_per_capita_income,orig_resid_unit_density,orig_percent_multi_family_units,orig_percent_occupied_housing_units,orig_median_gross_rent,orig_median_home_value,orig_percent_households_with_people_under_18,orig_percent_of_households_in_same_house_year_ago,orig_percent_bachelor_degree_or_higher,orig_percent_car_commuters,orig_percent_public_transport_commuters,orig_percent_public_transport_trips_under_45_min,orig_percent_car_trips_under_45_min
2010_2014_percent_upzoned,1.0,0.9100288532731678,-0.026857333118414116,-0.010294164801722842,0.01903124760438411,0.029375746252074824,0.01981280602473495,0.0474208241380055,-0.006974955696878015,0.01502554315592132,0.016374832131703015,0.015729377076663564,0.055833675477791916,0.046853669303266426,0.12496496171569543,-0.10233277989862671,-0.011329563604789754,-0.03813508203682956,0.024974959220380278,-0.012984518565273488,0.03354950253843311,0.08414050614504626,-0.06409171971139888,0.010115198431830336,0.09762209974401194,-0.0028144528420730457,0.03550725093450646,0.0017802808935786481,-0.01177101623854035,0.025779383122370887,0.008381305692507744,0.029031395935191738,0.03027651662271776,-0.0980726940999787,-0.0018391405837380652,-0.01816190555492998,0.010031952959309169,0.031219383088755662,0.026549008547244325,-0.002493847664663892,-0.04179920298766532,0.008512566673426128,0.056380675925216464,-0.005325193130762863,0.02793465170519069,-0.004271691612451169,-0.01697934489158739,-0.007825435776268359,0.08623419536958206,0.03604403637334989,0.07916449162631073,-0.02023226717970737,-0.009485711597111798,-0.02545687269007178,0.01446272527821366,-0.04757022979951808,0.023999131637751036,0.11343590078010682,-0.03683351842489471,0.0007372264504559433,0.07106682259071508,0.0028986350226503314,0.010902338989790499,0.006769848518875279,-0.0033026546686045115,0.04513836406878313,-0.08552699036486755,0.03787924093120791,0.07185684453921666,-0.009665449951979242,-0.10214006107839864,-0.06201998825080649,0.036425695861563155,0.09282330350324337,-0.04314920790260823,-0.018259348437890236,-0.042802065023185606,0.009560007939766477,-0.06734882097852526,-0.04801861377465395,-0.11173827570432254,0.12406094922540929,-0.011529154142492384,0.02015654571020713
2010_2018_percent_upzoned,0.9100288532731678,1.0,0.32758164719809874,-0.009691047764830355,0.012533677537308708,0.023566256333544557,-0.01356194256017099,0.08316462359304358,0.010672273383318158,0.044202642291665886,0.0217015468992918,0.007405382372558642,0.08031503830453603,0.023552354197640703,0.13016119638476153,-0.0837293168414658,-4.614012637445208e-06,-0.042869417393436936,0.02245367213378345,-0.024542701523378334,0.012931310259220705,0.061558066614173776,-0.08590089990991477,0.03351618787113319,0.08532335142750593,-0.014513878395185007,0.0496158668389188,0.005923092861632174,0.01666901041549862,0.005537431179297117,0.023341540037787534,0.018891409594105305,0.00546878304786767,-0.08646371694774921,-0.025304351516631962,-0.01633521200290338,0.00948491558712358,0.011098844707318293,0.015537117735676207,-0.014297879650022915,-0.07109432910221332,0.03154649214699515,0.056400906534220266,-0.017731385196578787,0.03537499946440943,-0.003626154238072641,0.00602265911391669,0.0037115836437157518,0.11014794922375057,0.014995841923292506,0.10916200800051318,-0.009539844247194373,0.0020820340402883794,-0.03340252595021837,0.01162547595077033,-0.039586962724827895,0.01005273356216642,0.097584182484818,-0.03387415293147723,0.003806812646787823,0.05544104778941126,0.0022665874120716308,0.019387521364705937,0.007262902550597337,-0.0011427343756733148,0.07454761406203796,-0.11920217450300037,0.04976173431806388,0.1403417994843292,-0.038873638278342636,-0.1311198538358034,-0.09139403901077159,0.049693660740911555,0.1207326069107206,-0.04054732549154912,-0.053403052136083824,-0.051842191115631694,0.05168500619293028,-0.07364448251421478,-0.09014385340380902,-0.13612431914048115,0.15663392649450217,-0.013971429101304571,0.03394684995045083
2014_2018_percent_upzoned,-0.026857333118414116,0.32758164719809874,1.0,-0.0010646949926306768,-0.005976488559754808,-0.004688722006082808,-0.05261792813594492,0.1167050255524532,0.05560936889975022,0.10244884957982395,0.019933971189090623,-0.002469068848232442,0.09453671119792093,-0.030002144912733234,0.030383071834247197,0.032416282226554294,0.05744683468956622,-0.015104511401463523,-0.004286895462505069,-0.012259780895540657,-0.037567959021919804,-0.06957972137088025,-0.043051803001952674,0.02636577954755331,0.0052371851733946425,-0.011494491167333669,0.01430714601244663,0.0059032433619613115,0.09757151972162711,-0.046903920232383496,0.058730221244267265,-0.014586845125358142,-0.055193069446227074,0.025287679187494007,-0.07767340850404265,0.009701926879556042,0.006154861187100791,-0.04442198944417048,-0.005641022196311319,-0.04829200378805374,-0.05956186116954434,0.03912989859285397,0.017664594030257098,-0.022375329805079683,0.023147686497332575,-0.000493889719423551,0.05082034680283796,0.04925689201352074,0.09116252849772512,-0.025398578854046686,0.08334173037266984,0.013645403511361015,0.05818234036272442,-0.02981110618828703,-0.012752411997395812,0.03412630824930862,-0.03601549784362697,-0.02862314082807362,0.0075682290694587435,-0.011859618926886566,-0.010481040645989998,0.010563847905433283,-0.008696722857466196,0.0024444287341076833,0.006612152719073735,0.10234468643368463,-0.08180248807732496,0.031483638620717264,0.16058796112918575,-0.06719712088195742,-0.08981433746155652,-0.07170287330035463,0.05918990646887861,0.08170585484412286,-0.0017888487318186096,-0.10458893565827691,-0.02089729164299823,0.07302908072342396,-0.005661462833514454,-0.09654852742065305,-0.08945870925878208,0.10688768171959173,-0.010294680440134794,0.026120832571792922
d_2010_2014_resid_units,-0.010294164801722842,-0.009691047764830355,-0.0010646949926306768,1.0,0.40962995394928003,-0.5075941110956095,-0.034193244414210455,-0.011283083678373594,0.012078297631243419,0.07127725681284176,0.010292078260144203,0.06393151316664103,0.044394677356221046,-0.010136938538160832,0.03255543529171893,0.010949305898814914,0.0642336931731149,-0.033737485905981274,-0.001347536616480215,0.02183967729691423,-0.0018881679723975705,0.015467955506835876,0.030003613815753394,0.01923251310895947,-0.0038591490821984647,-0.011225167942939068,-0.0017520710031888864,0.0007589898432378029,-0.006190086740925472,0.0033638806804664858,-0.021438102026704008,0.012980654564093754,0.01136064013542701,-0.032654854913277104,0.031649407422835396,-0.031746023642275384,0.006053967180746021,-0.005511858444014553,-0.04083921800657849,-0.008026471022145142,-0.0009417518395608062,0.02210137579086092,0.013255284405272285,-0.026498226187766635,0.007593550395536498,0.0032507878154391925,-0.005745653108898265,0.08184629959580932,0.10317350325606538,-0.024410506598344282,0.016866751702342263,0.04823227457206099,0.06431306536458738,-0.005493361698544183,-0.008768974650308086,0.0332384274453667,0.007484556495193914,-0.007587338596722464,0.038084299106686016,-0.0014797197115162786,-0.01826188288150132,0.015269847246554382,-0.010593978499633576,-0.003275844064914109,-0.01113103118443575,0.055580442825150726,-0.050905002044284525,0.016861197541495572,0.06526596303967883,-0.024526181626876007,-0.03548447968625855,-0.014395104183369574,0.048662307446166876,0.056458405613001215,-0.0019075487239182136,-0.06734694653534617,-0.01705820338642116,0.007621719689637988,-0.0244060159127793,-0.030020498302809104,-0.03656069878131324,0.033025862346871576,-0.005484180252645295,0.0017919159871886679
d_2010_2018_resid_units,0.01903124760438411,0.012533677537308708,-0.005976488559754808,0.40962995394928003,1.0,0.36396083706650134,-0.1316825836547976,0.05334808624475498,0.024736702110990216,0.09408146878839455,0.03183786722950422,0.10120918200230337,0.19234594261154575,0.1103431820172425,0.012127621885586541,-0.0027220235472097155,0.04669946977802751,0.00509138459246683,0.0406536051480808,-0.018688994100055402,0.14071042188551577,0.1029650677211462,0.027880196396309204,-0.061569070553869176,0.0668251980861315,0.011092156335685527,0.026364890402590904,-0.03558058341777802,-0.012584615019806214,0.04671054828971178,0.11801355787058349,0.10572428994971474,0.0058641991394221245,-0.02539057923745327,0.0021158435779217596,-0.0031954026439290875,0.042258534686263456,0.03209467026144152,0.01622844844503947,0.07015568374704524,0.0010079092088056277,-0.04172995102643506,0.06345269412222375,0.007417050750717024,0.01377090102327324,-0.012549927267783957,-0.01633248323552804,0.08319101156754664,0.1873032197685899,0.04940579909414858,0.0033854845508935463,0.024224214904207928,0.048214558621374595,0.011734571339751719,0.002196593095543551,-0.05639540347649568,0.038039340973254884,0.04947267756847948,0.03340182551861674,-0.031062897164560944,0.02043733562455957,0.005745513664708961,0.015683923007361728,0.0029626008940296044,-0.0964176336248724,-0.0016970705270162628,-0.002624339903797935,-0.016146511641310507,0.03634351482842893,-0.0025548338238159216,-0.04165948658502873,0.04260038208133779,0.01639511846438887,0.08852473175010729,-0.056733128004024,0.008367160009017124,0.018655515507185954,-0.0761917393405599,-0.07639346394674337,0.049730676772943724,-0.10691585423873048,0.05832994867389814,0.024767185059286843,0.030953072230121895
d_2014_2018_resid_units,0.029375746252074824,0.023566256333544557,-0.004688722006082808,-0.5075941110956095,0.36396083706650134,1.0,-0.0956501667163206,0.06693682128750207,0.015177923302711423,0.0347773778565234,0.020504160086121437,0.026746593644610694,0.15867786713952514,0.11996220943396312,-0.011581443569665636,0.019817722848467896,-0.015037321642436905,0.018252624906435925,0.04024082091598123,-0.03262293643628353,0.13200791711634038,0.12004433134717152,-0.008089553604154575,-0.082001862981779,0.0665000712507615,0.03565362985563167,0.024441369963016067,-0.03067680973653546,-0.013084584724837017,0.01819482329295172,0.14169655159060623,0.09552598002713078,0.0041737787990705115,0.025334606561036466,-0.04734133689560442,0.011335493753735116,0.02926380248777023,0.01875124901957169,0.0733085963592045,0.06536960027547077,-0.013713776189781144,-0.0679490180969168,0.05104599704077402,0.03683069879028584,0.0031581807483545363,-0.008671529856655367,-0.007155333449434588,0.015428372733306678,0.09991517359536853,0.07060480834262797,-0.015333394223354084,-0.0021999646183641737,-0.013777238160896025,0.010744000007151496,0.016004138661721116,-0.059675791588444015,0.016508836502623296,0.07623563200194344,0.003984493324855017,-0.026398954383510084,0.03201866071965652,0.003371854382928754,0.025283914202803758,0.0001306795414008998,-0.062383451159781195,-0.0450309766095672,0.05103402845655004,-0.04022891342889456,-0.031167049655702057,0.030751746505735977,-0.0018099596649475847,0.06479949168441199,-0.027384589551287662,0.02867936190377687,-0.055439972697220424,0.08315699283859311,0.042859755401657276,-0.07937705887414644,-0.048176794326993115,0.08356169134033312,-0.07139365752075731,0.011691380663361518,0.026906953869406253,0.028333500160611872
orig_percent_residential,0.01981280602473495,-0.01356194256017099,-0.05261792813594492,-0.034193244414210455,-0.1316825836547976,-0.0956501667163206,1.0,-0.09482625408531427,-0.0962479640978495,-0.30342250804541093,0.0592401278269904,-0.05864085400743928,-0.2069252624796202,-0.1914621583928817,-0.0169986024965892,-0.013673915065393914,0.012816681196506634,0.012792448656816441,-0.05870949165768427,-0.03382137805522749,-0.15053484874698972,-0.12828990347806438,0.04260205084302982,-0.005233441792400065,-0.09229581427331196,0.020986676502646243,-0.05089261633241205,0.0823712578548533,0.04944098359071782,-0.021762881041224084,-0.15801222009013635,-0.2204748448346822,0.03210354095003918,0.07758845155227827,0.06348957743647549,0.04451583975923341,-0.020218171432817303,0.011461459084016681,-0.03229490889873519,-0.12060709560571452,0.0541870904722494,0.07373593785596917,-0.09379164909732066,0.026625752850383957,-0.05375314031773511,-0.0453841133458654,0.042033457862015566,-0.05414207626075267,-0.1632593139055988,-0.029911028772671273,-0.0898232799612202,-0.0772856727802717,0.037735891517303936,0.0024360965835384238,-0.10027481954949949,-0.023479126845900485,0.016481283316593938,-0.03922740162965671,-0.009431860694340929,-0.1214180808277406,0.05715681873989161,0.003210035723597808,-0.009880017355763862,0.07766414442201872,0.11082032902244389,0.1103636030053457,0.01720439797218666,0.019030027794982415,-0.18749623438291102,0.07671313803183459,0.1012399679573913,-0.11560619479974873,0.054506054836164275,-0.375260914228551,0.2039622396931862,0.23489671821050162,0.11079028062576868,0.16082062126407756,0.3338280582825983,-0.06474042734807672,0.3856098105795665,-0.14146506787914187,-0.2182931426511721,-0.4028112807457788
orig_percent_mixed_development,0.0474208241380055,0.08316462359304358,0.1167050255524532,-0.011283083678373594,0.05334808624475498,0.06693682128750207,-0.09482625408531427,1.0,0.14143588646401575,0.5211288461501756,-0.09116088038049273,0.051783939308884766,0.10655971843091037,0.24472258612732525,0.08822701368831007,-0.025837979153922642,0.3084274519335597,-0.0701656190623402,0.008023007475265981,-0.0003767680629028056,0.14457316194302228,0.2317969963679843,0.043950066074418766,-0.016600298098856013,0.10039984552747265,-0.010023565124583425,-0.0001091530300369325,0.002863036892449888,-0.014532900703696824,0.04177983200726636,0.0641012981894573,0.1369450260119584,0.016501006997493437,-0.027663076020525014,-0.05932555281806443,-0.02400295413326231,-0.012568547222525855,0.010230715929590994,0.07068158652616498,0.0825673472688568,0.04453412110857712,-0.001248502853161017,0.06868938774402622,-0.018708336408764438,0.006674424261002919,0.0005621579665597905,0.0359916473981454,0.022527172880989023,0.10534015825419642,0.19910978840002252,0.053506037915681204,0.002509084919725964,0.3122327896570587,-0.054105581878689565,0.008340777197416582,-0.0046664185294707635,0.06517449503076443,0.14928905946844498,0.008065747477027223,-0.026797763086024363,0.07208105193928024,0.009909800022449853,-0.009168885485659502,0.0009656758593300665,-0.051609347493133916,0.5593328573559435,0.10194517512818796,-0.1590113432200468,0.08969286612736506,0.02181974305098369,-0.14294009786887582,0.2952049704590174,0.6251928881558493,0.4707403555043525,-0.1779891941705664,0.05149016404088717,0.18190053955791485,-0.2712714733374611,-0.24164908873130053,0.2807937944061978,-0.5563462395665192,0.28697976215070464,-0.005646543973179093,0.1607036057475319
orig_percent_subsidized_properties,-0.006974955696878015,0.010672273383318158,0.05560936889975022,0.012078297631243419,0.024736702110990216,0.015177923302711423,-0.0962479640978495,0.14143588646401575,1.0,0.1398581412478688,0.0234479908802356,0.027525942268492275,0.13998516887524934,-0.013782555393629355,0.06106569501021803,-0.0002350919747337418,0.14044994453828755,-0.03650942634300005,0.011930637974449135,0.07547278364385973,-0.08697005246357406,0.04258306945175464,-0.06262802843649942,-0.002631282981395508,0.014492883882514707,-0.009203438552927814,0.027835045026667015,0.006757985679372355,0.027952496232695676,0.01424967421425557,0.08020162153767965,0.01325085400017038,-0.010047241299499916,-0.07845398132674104,-0.04720464194536028,-0.017931143404547243,0.007855619253777549,0.03586238624474547,-0.04020307860173441,0.005276266759601803,-0.041158965183284844,-0.010869976653785217,0.016279429776266445,-4.5094347148424365e-05,0.013853113737132293,-0.001921455067466787,0.011840940602791564,0.020893241819926214,0.14331731007296336,-0.02864906153726823,0.06304588108251717,0.08374684939147911,0.1414679620589211,-0.023718609715546655,0.0019615402172020132,0.05509109054192616,-0.07656490167418506,0.0441488167161118,-0.035667797866306986,0.006557614038683148,0.005676110451039541,-0.010535736360262565,0.017252774673859488,0.004383121020464839,0.0018307404944020883,0.17912650190618418,-0.13053965590950733,0.10946613156390772,0.14575229080813137,-0.09262878501726547,-0.1489519325164148,-0.09992667544583245,0.1437717289720454,0.19083003592323913,0.022927247810578654,-0.28039210085043736,-0.07448431092564403,0.0527794582427125,0.029271897933301344,-0.11802162074743228,-0.18664504626146455,0.17736058471116167,-0.01628581158709999,0.06661398253410601
2002_2010_percent_upzoned,0.01502554315592132,0.044202642291665886,0.10244884957982395,0.07127725681284176,0.09408146878839455,0.0347773778565234,-0.30342250804541093,0.5211288461501756,0.1398581412478688,1.0,-0.09725632076681485,0.10839201666067096,0.15500866052488402,0.21564206989242812,0.09404920749093723,-0.03561609751691289,0.36314580591471257,-0.07093848706969001,0.006578801493147198,0.07980465184986715,0.09733356473253021,0.08045097832901528,0.03188000742152077,0.05228467896543227,0.00921357106301242,-0.020025595367990225,0.03532125886116093,-0.05940691451244229,-0.0019627987718854882,0.049137555884182435,0.09087038213657235,0.15854036318219752,0.0886035626183718,-0.11233636355665497,-0.02352131374429707,-0.025212314211181953,0.013609275991582629,0.027062427933986617,0.02516272315331474,0.049489219482960686,0.005297079832866859,-0.017664206970465664,0.03897538348917129,-0.021682005765566743,0.012350525080022396,0.019507133221104433,0.03763868913958809,0.09009029561144082,0.15615994413869025,0.14085509888501094,-0.013147297912537551,0.07600113375200412,0.364122784123997,-0.055620586993624745,-0.01497132233220151,0.07257817275052514,0.00023723003867561306,-0.007534267504729185,0.033561995729199545,0.07792223659167971,-0.02034006088812835,0.0009132149967933011,0.02848499370829253,-0.03952304288336609,-0.05899530105354271,0.576653679057621,-0.0391765855269834,-0.0485018642352248,0.24234139711382846,-0.16624835833148088,-0.10084594348823424,0.3495279494380328,0.6331591972406228,0.46573603012347575,-0.228017052701775,-0.09277033425896279,-0.052645526859098644,-0.2376018466581697,-0.3022079576979562,0.2640290924043911,-0.5197224673425267,0.23770045893577768,0.09017836658327645,0.2027633589488501
d_2002_2010_resid_units,0.016374832131703015,0.0217015468992918,0.019933971189090623,0.010292078260144203,0.03183786722950422,0.020504160086121437,0.0592401278269904,-0.09116088038049273,0.0234479908802356,-0.09725632076681485,1.0,0.09588651609781164,0.07709350928397783,-0.059623431745836244,-0.005860979046539805,-0.021092373244289257,-0.0006284966967818468,0.0027856305798314414,-0.031567967655793346,0.07644066459018,-0.017512166109943352,0.02548486479991998,-0.004766380059268447,0.0038341474444336665,-0.008737458007460662,-0.004834835241410014,-0.014225664413023306,0.013339679393532625,0.005418177250046951,0.058404653453287415,0.07213000788796015,-0.031128423889776876,-0.005760048859849413,-0.03612453997121419,-0.009350646846759418,0.00674078631045172,-0.032879338927635705,0.033277285626553944,-0.004578663471402068,0.07499245572204785,0.0034575724543197787,0.03483189585283017,0.01323571818562555,0.005104407180144151,-0.00990565169364132,0.0032228726529425246,-0.021026334613301376,0.06295784498522435,0.04449609195171431,-0.04995534715676547,0.0014690955337524785,0.011840716717479754,-0.001039251601693799,-0.005044267682705351,-0.0021595795814581217,0.05651233059232696,-0.06185412552422368,-0.01599881177818928,-0.00936690681972225,-0.033162571113311556,-0.027639104948311212,-0.011243533675484108,-0.014290964036400476,0.000466416151675975,0.007252291047515214,-0.04763770289061368,-0.03702574611500846,0.04731428612200368,0.018015178711181676,-0.023717508480518325,-0.0667779306660695,-0.07653890950341163,-0.06481971541099144,-0.030982767483867222,0.00846873551575151,-0.005607444408499778,-0.020329708148350546,0.08113247364303303,0.013678164198823428,-0.06064396013372542,0.05082852051675956,0.019000172434526667,-0.046623527510098156,-0.018209448032079415
d_2010_2018_pop_density,0.015729377076663564,0.007405382372558642,-0.002469068848232442,0.06393151316664103,0.10120918200230337,0.026746593644610694,-0.05864085400743928,0.051783939308884766,0.027525942268492275,0.10839201666067096,0.09588651609781164,1.0,0.49312135826317544,-0.021156745479618537,-0.015383779328685093,-0.07096034441171464,0.1448857927510244,0.02117704225194536,-0.0025247895162047802,0.34143708500996856,0.13843138310754796,0.11677350644796718,0.2573568573581776,-0.056834163237600994,0.024422482705098034,-0.012873937923978326,-0.015576047797824606,-0.05654146157359589,-0.09099864325568793,0.6827474077878054,0.4171624826174752,0.00638271318928314,0.0355258119571544,-0.08421964840174594,0.015809234005277156,0.02435233002519549,0.01000593075866613,0.20198530579976967,0.05295740527924543,0.07260905907982508,0.16735997930002242,-0.06707950795615014,0.009043171356936715,-0.004264476544460619,0.010626090192921675,-0.009858401241743612,-0.07107371386391562,0.5740552814256847,0.3390580007013285,-0.03220264483840462,-0.05337497841875404,0.003340936338470871,0.14526215206069806,0.0010372411399599047,-0.015182957871078071,0.19915969233269817,0.07370309126492214,0.056169344029733136,0.14786781538061033,0.003622129164994449,0.025401674525030005,-0.010943852146623368,-0.03064302139700925,-0.006327754314542272,-0.06369918567547822,-0.026374747994927783,-0.03938538363974151,0.06274802688512983,0.024941313443401312,-0.09179467692468915,-0.036757888054418264,0.00030749350526621276,0.05105285625313348,0.11374590433364354,-0.2128293854215987,-0.08469469918779028,-0.0419416200295724,-0.06568799674221859,-0.061215277118272404,0.013268676851070858,-0.09634970650668176,0.11421078015545992,0.0176601766304545,0.06341235706034432
d_2010_2018_resid_unit_density,0.055833675477791916,0.08031503830453603,0.09453671119792093,0.044394677356221046,0.19234594261154575,0.15867786713952514,-0.2069252624796202,0.10655971843091037,0.13998516887524934,0.15500866052488402,0.07709350928397783,0.49312135826317544,1.0,0.18466208948013424,0.06347379513274923,-0.039443284747779965,0.09484829316419528,-0.020110321058906037,0.07160740425471455,0.0512449297198555,0.1751783686131596,0.13607461965384793,-0.04888889486575073,-0.008734417353117257,0.14472596294106033,-0.012710488084373145,0.020718342861330667,-0.0849806303297292,-0.08093018413228555,0.3565983766179143,0.823415414056315,0.20145373472119715,0.020877870186011428,-0.0891005464196329,-0.040048550536673,-0.001777998262787649,0.05511502614349116,0.028847517253854073,0.044153245547034814,0.06615459990844803,-0.03294935252297471,-0.021422192688585532,0.10494902044079359,-0.01547878077358874,0.02206138116980124,-0.014208931454255338,-0.06514090029381224,0.26075416381586625,0.7153416235771969,0.060874532261768505,0.032914177062004765,0.04716995990645243,0.09598763800232357,-0.021259862389708555,0.02418569227294203,0.03348325144559709,0.0534546267462352,0.09014225351087828,-0.026428506808052348,0.011960252250911558,0.07812306508791779,0.0014141081242974736,0.00021918140865569323,-0.010072260408571544,-0.07598517265894406,0.013906968428596556,-0.07290565788919921,0.07561375199469715,0.08672137854292912,-0.08267842975039189,-0.10307033005844014,-0.0026904058438139613,-0.0011148996089510974,0.17760068677895646,-0.11068158889510797,-0.1446840662019064,-0.023411029674836457,-0.05688305949603841,-0.1289137914536679,0.009130398367311877,-0.19410642375346784,0.1729507979055162,0.054232342204271984,0.1350229149651789
d_2010_2018_per_capita_income,0.046853669303266426,0.023552354197640703,-0.030002144912733234,-0.010136938538160832,0.1103431820172425,0.11996220943396312,-0.1914621583928817,0.24472258612732525,-0.013782555393629355,0.21564206989242812,-0.059623431745836244,-0.021156745479618537,0.18466208948013424,1.0,0.11274870403244597,-0.03306931654845506,0.002023209249723367,-0.018687928899491245,0.032617833736880576,-0.003596338332301931,0.4222467804654414,0.30008130604190025,-0.024596652929623583,-0.07620163108269408,0.3360243284707648,-0.03176173366133916,0.001641153526833241,-0.18587316982143962,-0.03152767063657964,-0.02303374592773023,0.16671732834232708,0.6519987505988581,0.12189975049185701,0.01751497809333465,-0.061716588580717394,-0.008452524527883918,0.05002549669632723,0.0033822494442820807,0.17644011681286176,0.16286530774763194,-0.04424842782256524,-0.07726222447585411,0.23432032398325006,-0.025074046857478435,-0.0018113941744218492,-0.20086218557954244,-0.01842292149149627,-0.0025157561166491266,0.11392422451983479,0.7271776462270706,-0.021677445691274035,-0.06014809278022441,0.002232555980017001,-0.014929873448323226,-0.014476866657919312,-0.0077762148129542855,0.3062765102771916,0.3323815534823418,0.016492057579790918,-0.010695507959925703,0.2120723120254639,-0.01118935494464476,0.010695033497394065,0.16247184889224645,0.007202728967281099,0.05895000645440116,0.24410383628838078,-0.12491250639613222,-0.15765009676823527,-0.07468025607687391,0.04239644477433992,0.3120804923680181,0.17475329569441272,0.1477816044859114,-0.24524362552730128,0.21116419193811295,0.2717868007962855,-0.3182024268670009,-0.2023912368265407,0.4019952618822682,-0.2621405349413228,0.07784847623887306,0.16303470669768147,0.1893564949608465
d_2010_2018_percent_non_hispanic_or_latino_white_alone,0.12496496171569543,0.13016119638476153,0.030383071834247197,0.03255543529171893,0.012127621885586541,-0.011581443569665636,-0.0169986024965892,0.08822701368831007,0.06106569501021803,0.09404920749093723,-0.005860979046539805,-0.015383779328685093,0.06347379513274923,0.11274870403244597,1.0,-0.38488277867209547,0.07084199757673942,-0.4418450509351358,-0.020639996513227805,0.11149880151088075,0.008295036786568276,0.09015094745929182,-0.1759334040268091,0.074780893874906,0.16805448781512147,-0.021888464985293028,0.004994982458894094,0.08967902306408872,-0.007265463990474703,-0.049368118037020736,-0.016322888610680934,0.03614658838329486,0.4946922081101498,-0.30759551468547913,-0.014965547145888861,-0.2862641485503734,0.02477075858113361,0.02928082364515972,0.018396060074196204,0.019660754826244565,-0.09242855692768459,0.05950611346354191,0.08722078123641366,-0.010862192091324446,0.014496791791057829,0.024741257004269497,0.029247468159369412,0.03470863440824039,0.12985848119709884,0.11584749757343857,0.4112857939079007,-0.1512041636670087,0.07089779988349726,-0.25811483474458236,-0.053497990907002906,0.10858337693339504,0.016010346543818155,0.07813228186055368,-0.12794799319228253,0.028917159996312607,0.13444839733163724,-0.01431046607488675,-0.008025411773553346,0.0027676342591954673,-0.020878093645653115,0.11825921748869427,-0.35226991261568896,0.29808052557077225,0.08660761312858264,-0.15769397769465862,-0.19894882906243624,-0.04831815403676874,0.10001875485004114,0.11112101542782775,-0.08770301012652525,-0.07978400684289598,-0.058109150407142915,0.08790692563770244,-0.07082473920326338,-0.06105840465943926,-0.1576277689407616,0.19499810733263712,-0.10954075837205346,0.08943637734590895
d_2010_2018_percent_non_hispanic_black_alone,-0.10233277989862671,-0.0837293168414658,0.032416282226554294,0.010949305898814914,-0.0027220235472097155,0.019817722848467896,-0.013673915065393914,-0.025837979153922642,-0.0002350919747337418,-0.03561609751691289,-0.021092373244289257,-0.07096034441171464,-0.039443284747779965,-0.03306931654845506,-0.38488277867209547,1.0,-0.02692076390929028,-0.0938081612016067,0.0007607225274329496,-0.08763218414868913,-0.017410688483692174,-0.14236733412019786,0.046622665899340034,-0.03821880229266899,-0.1434087487422637,0.04207260113950262,-0.0008775527077637357,-0.0014450795707693165,0.02205009438071991,-0.04823048793100811,-0.008880477893448141,-0.014870712052818855,-0.28959692202323845,0.6419867721924923,-0.1111704197811798,-0.07008598434953345,0.030346412140596017,-0.04148847069471953,-0.025144232525990094,-0.06677615835960173,0.016385988494521875,-0.05932305784163745,-0.09779114443763054,-0.0013529076857334683,0.014913336501284711,0.00856362357563109,0.01340699212841901,-0.04095107947990985,-0.05726176679115639,-0.030074480960818602,-0.05425436862583224,0.5623970239889747,-0.02654239246704926,-0.04457827677847589,-0.03245867221202799,-0.06670027441759493,-0.0144826832158661,-0.1199361426092136,0.04248913701679214,0.0197029170023355,-0.08708271514354857,0.04937326321004652,-0.012502373542752012,-0.0055170971824367535,-0.010806394331573986,-0.06372022037134109,0.2554886811511125,-0.3444369162469514,0.09880851094264038,0.08471728209840869,0.06954764384994709,0.05329865545534724,-0.06284765686430589,-0.05797194748468536,0.10160766849779554,0.07573350346388102,0.01061121478377975,-0.04934720724890639,0.020054518139944664,0.07801963753482648,0.0836925376825554,-0.1627742764736985,0.02964646431488924,-0.0770298547998306
d_2010_2018_percent_hispanic_any_race,-0.011329563604789754,-4.614012637445208e-06,0.05744683468956622,0.0642336931731149,0.04669946977802751,-0.015037321642436905,0.012816681196506634,0.3084274519335597,0.14044994453828755,0.36314580591471257,-0.0006284966967818468,0.1448857927510244,0.09484829316419528,0.002023209249723367,0.07084199757673942,-0.02692076390929028,1.0,-0.05911658411592755,-0.04468127661989642,0.068299993131205,-0.04036381272444605,-0.0027466943300108364,0.05965352003292287,0.03834711270985063,-0.04300140264282804,0.011010013052277091,-0.028002415691995554,0.03260063967425277,0.02009953070048173,0.061444962044781434,0.036611451148061025,-0.025130571382601937,-0.026805945207437423,-0.07192754823265096,0.020189050214999525,-0.03128314760826487,-0.027856763813356947,0.031077680967224675,-0.024458072725784052,-0.0156236615739421,0.0159935002440038,0.021775404340212544,-0.025771131081050436,0.007337965218192407,-0.018876709144586234,-0.02575767132409945,0.018819185006998862,0.1251097432495575,0.11890793250114187,0.02768219726528128,0.08776135914788273,0.040700087406278826,0.9999941891884357,-0.022418903800575037,-0.02712624314028325,0.07208245178587126,-0.03028593814352371,-0.01835279414850783,0.06223208213866346,0.029272260240245564,-0.02376188751828444,0.004905155710064567,-0.01456467260522258,0.0387098707361235,0.025996696942282235,0.543840384470883,-0.006904572673248758,-0.05833815880977883,0.14376903475486283,-0.01619279922746743,-0.10096033120079737,0.09757176104865654,0.535746221746849,0.3157397227117991,0.026763350483001422,-0.07121355611642681,-0.07844745421982838,-0.07120119751704597,-0.09229805443590659,0.08616683414458386,-0.2330444589344517,0.16879584637902173,-0.14129485111740522,-0.21786833767050076
d_2010_2018_percent_non_hispanic_asian_alone,-0.03813508203682956,-0.042869417393436936,-0.015104511401463523,-0.033737485905981274,0.00509138459246683,0.018252624906435925,0.012792448656816441,-0.0701656190623402,-0.03650942634300005,-0.07093848706969001,0.0027856305798314414,0.02117704225194536,-0.020110321058906037,-0.018687928899491245,-0.4418450509351358,-0.0938081612016067,-0.05911658411592755,1.0,-0.004227352935627902,-0.05973410744813924,0.0326801063048655,0.06739609784422909,0.05846663688997159,-0.021987331165217495,0.02000413727930597,0.019861458709058838,-0.018253862694378918,-0.0799692599925483,0.0007375382285164611,0.025905367761404948,0.016627748743321465,0.003557526223909089,-0.1670947905244826,-0.01371641582853198,-0.20596904677265737,0.6622541790721723,-0.023316458171446043,-0.042203689811907794,-0.019760861390685634,0.06067904529904939,0.03231093063295054,0.009840347355087304,0.055717260350729006,0.03929151766494927,-0.029196548668940347,-0.029283653861911715,-0.04084150163728931,-0.0006733917376445357,-0.055254795776381586,-0.02789080289674298,-0.2357210914048535,-0.10291327017151738,-0.05841616690624656,0.5683951721831905,0.02031268590212145,-0.03141817273764536,0.03922593868529657,0.05135717267199973,0.0408317411784534,-0.041106464972971046,-0.037650078810211866,-0.018724636957962334,0.011245728127173619,0.0025378454127184978,0.0283243293409491,-0.09604986539520322,0.13059084830118114,-0.09793330132654311,-0.05068432002539837,-0.015096333335242403,0.1353428809082119,0.0366361471918934,-0.0719858949698995,-0.10282902366156202,0.03726637983078802,0.07795830567311329,0.033473076748854184,-0.05712779599634294,0.0030060052673563094,0.03615540506847001,0.09589696392542785,-0.09917713389972845,0.09700624250852012,-0.028414798621640976
d_2010_2018_percent_multi_family_units,0.024974959220380278,0.02245367213378345,-0.004286895462505069,-0.001347536616480215,0.0406536051480808,0.04024082091598123,-0.05870949165768427,0.008023007475265981,0.011930637974449135,0.006578801493147198,-0.031567967655793346,-0.0025247895162047802,0.07160740425471455,0.032617833736880576,-0.020639996513227805,0.0007607225274329496,-0.04468127661989642,-0.004227352935627902,1.0,-0.022197831390485808,0.04684091388514541,0.006543972822427553,-0.08711821692303605,-0.06481742972582867,-0.04513335718639516,-0.06410565337044191,0.0923927605146037,-0.19595671376890256,0.00609684690818001,0.0039736462349587226,0.04364242101264155,0.030030732469884955,-0.09224742566306118,0.05502853060965336,-0.0061497247851668374,-0.009842177426668663,0.6527453124274097,0.04757312591633088,-0.03724156630875428,0.016528455219066526,-0.019178711837299946,-0.06662293130510764,-0.10515249265206587,-0.09072446954087776,0.09026781639390073,-0.03278758182966841,0.03778921446380918,-0.007824772417828918,0.0700507896785193,0.017151450446604204,0.07642129922750615,-0.05888458267526626,-0.04466438911901388,0.005296715986833585,0.5511162065844143,-0.07549759802913826,0.027845251632729603,-0.007573263382777231,-0.09150435371822227,-0.007999069455694,0.054472212823513715,0.020689555649871537,0.01694340900920478,-0.023534069359066098,-0.03185564411632854,-0.006899926566310707,-0.03569792465502917,0.0406807740997978,0.040166571923573105,-0.02500769867420557,0.007599630284790567,-0.02600530396685241,-0.01981809869408311,-0.13261450465596392,-0.06227625981745765,0.0026794890541176246,-0.03678619287053468,0.06652237859623823,0.011033208565636846,0.01968826547112805,-0.0040453988364619045,0.0005379601322188979,0.11450194713419115,0.05454789708469937
d_2010_2018_percent_occupied_housing_units,-0.012984518565273488,-0.024542701523378334,-0.012259780895540657,0.02183967729691423,-0.018688994100055402,-0.03262293643628353,-0.03382137805522749,-0.0003767680629028056,0.07547278364385973,0.07980465184986715,0.07644066459018,0.34143708500996856,0.0512449297198555,-0.003596338332301931,0.11149880151088075,-0.08763218414868913,0.068299993131205,-0.05973410744813924,-0.022197831390485808,1.0,-0.039597090848859845,0.013348337046774031,-0.050872896051230264,0.020382938352685755,-0.009044139742404407,-0.005067338977261455,0.007807734509650748,0.016271831734348322,-0.06477531243817478,0.19334442392722329,0.02881572101604968,0.00018970586109168258,0.07864903894540888,-0.11882292384510339,0.017630752917239045,-0.036794818286059766,-0.036804535371638004,0.6211033031943495,-0.012874498749076164,-0.021852998052545487,-0.005756287146236078,-0.008263581799169866,-0.02668480654711006,0.008460716811164816,0.01610294887437794,0.022240608249019352,-0.057278798712584914,0.24026081947535916,0.05310763925516546,-0.0037158024858416796,0.0214726857268647,0.02002416379535267,0.06824627341380929,-0.036972298138423246,0.012345125817855209,0.6121536529490672,-0.043664615161827895,-0.011748822744536497,-0.0591962173981095,0.03600764483763418,0.017062617117193035,-0.015220362271522419,-0.01228363478965398,-0.01967823006180058,-0.02927564526069082,0.02252269737236911,-0.16806448351602613,0.16865105962021937,0.079132824135766,-0.13182005991732976,-0.12937961885345894,-0.08280498731467713,0.03470225553602385,0.06898459298899681,-0.5081767441406094,-0.12601132803240522,-0.09194361748863354,0.12231510784946527,-0.0006594822062225582,-0.08321492102979673,-0.033006752472435716,0.06917918302736673,-0.06356088262322143,0.05981996083832621
