,Unnamed: 0.4,Unnamed: 0.3,Unnamed: 0.2,Unnamed: 0.1,2011_2016_percent_upzoned,2011_2019_percent_upzoned,2016_2019_percent_upzoned,2011_2016_average_years_since_upzoning,2011_2019_average_years_since_upzoning,2016_2019_average_years_since_upzoning,d_2011_2016_resid_units,d_2011_2019_resid_units,d_2016_2019_resid_units,orig_percent_residential,orig_percent_limited_height,orig_percent_mixed_development,orig_percent_subsidized_properties,d_2011_2019_pop_density,d_2011_2019_resid_unit_density,d_2011_2019_per_capita_income,d_2011_2019_percent_non_hispanic_or_latino_white_alone,d_2011_2019_percent_non_hispanic_black_alone,d_2011_2019_percent_hispanic_any_race,d_2011_2019_percent_non_hispanic_asian_alone,d_2011_2019_percent_multi_family_units,d_2011_2019_percent_occupied_housing_units,d_2011_2019_median_gross_rent,d_2011_2019_median_home_value,d_2011_2019_percent_households_with_people_under_18,d_2011_2019_percent_of_households_in_same_house_year_ago,d_2011_2019_percent_bachelor_degree_or_higher,d_2011_2019_percent_car_commuters,d_2011_2019_percent_public_transport_commuters,d_2011_2019_percent_public_transport_trips_under_45_min,d_2011_2019_percent_car_trips_under_45_min,d_2011_2016_pop_density,d_2011_2016_resid_unit_density,d_2011_2016_per_capita_income,d_2011_2016_percent_non_hispanic_or_latino_white_alone,d_2011_2016_percent_non_hispanic_black_alone,d_2011_2016_percent_hispanic_any_race,d_2011_2016_percent_non_hispanic_asian_alone,d_2011_2016_percent_multi_family_units,d_2011_2016_percent_occupied_housing_units,d_2011_2016_median_gross_rent,d_2011_2016_median_home_value,d_2011_2016_percent_households_with_people_under_18,d_2011_2016_percent_of_households_in_same_house_year_ago,d_2011_2016_percent_bachelor_degree_or_higher,d_2011_2016_percent_car_commuters,d_2011_2016_percent_public_transport_commuters,d_2011_2016_percent_public_transport_trips_under_45_min,d_2011_2016_percent_car_trips_under_45_min,d_2016_2019_pop_density,d_2016_2019_resid_unit_density,d_2016_2019_per_capita_income,d_2016_2019_percent_non_hispanic_or_latino_white_alone,d_2016_2019_percent_non_hispanic_black_alone,d_2016_2019_percent_hispanic_any_race,d_2016_2019_percent_non_hispanic_asian_alone,d_2016_2019_percent_multi_family_units,d_2016_2019_percent_occupied_housing_units,d_2016_2019_median_gross_rent,d_2016_2019_median_home_value,d_2016_2019_percent_households_with_people_under_18,d_2016_2019_percent_of_households_in_same_house_year_ago,d_2016_2019_percent_bachelor_degree_or_higher,d_2016_2019_percent_car_commuters,d_2016_2019_percent_public_transport_commuters,d_2016_2019_percent_public_transport_trips_under_45_min,d_2016_2019_percent_car_trips_under_45_min,orig_pop_density,orig_percent_non_hispanic_or_latino_white_alone,orig_percent_non_hispanic_black_alone,orig_percent_hispanic_any_race,orig_percent_non_hispanic_asian_alone,orig_median_age,orig_per_capita_income,orig_resid_unit_density,orig_percent_multi_family_units,orig_percent_occupied_housing_units,orig_median_gross_rent,orig_median_home_value,orig_percent_households_with_people_under_18,orig_percent_of_households_in_same_house_year_ago,orig_percent_bachelor_degree_or_higher,orig_percent_car_commuters,orig_percent_public_transport_commuters,orig_percent_public_transport_trips_under_45_min,orig_percent_car_trips_under_45_min
Unnamed: 0.4,1.0,1.0,1.0,1.0,0.004222939868942427,-0.04599598828496396,-0.09075360396123232,0.128877096184358,0.14986411417170137,0.020710075088956822,-0.07468673243674086,-0.07545428455618101,-0.061902150009063774,0.08074143336600992,-0.08061211239003709,-0.3155712657773174,-0.0583195125458103,0.015608832104531187,-0.09439888940339985,-0.27716433602894924,-0.17921486062232664,-0.03960646036127216,0.09620131162098422,-0.0030328978931755107,-0.03589814938657161,0.06660171046352507,-0.09633782275821638,-0.24797607528721433,-0.05601819850821603,0.14186140337610936,-0.16935274375032702,-0.0032468990127948964,0.02613163647721603,-0.00255523687552959,0.03406662910214349,0.012975957461165344,-0.07861370717233186,-0.1571771257265927,-0.16657399093035258,-0.06318703647875328,0.07935695421925384,0.0010387393537980665,-0.009157293353365518,0.01416144145441611,-0.11509876165015176,-0.17737247603843528,-0.022699375917701468,0.042098907690535946,-0.11710007017976956,-0.017541749734255818,0.024383014281500325,0.012429849545553012,0.029120355780265148,0.00573605595235417,-0.06999159946497048,-0.22389801723779013,-0.03157305316740861,0.026294599577897777,0.018845428496551565,-0.0045239859208837645,-0.03602513281145027,0.08336299839131495,-0.0020202801377241517,-0.1723297222135206,-0.05105769423751696,0.11219271553718224,-0.08808293335565898,0.028941129717676692,-0.019445779194766092,-0.0033031458706691023,-0.029016922490943176,-0.12740692951258795,-0.31879123703332113,0.07231905822756032,0.36369493520865,0.057592890920248926,-0.055463768429116156,-0.35906141521686286,-0.2477617401994644,-0.09260589803718357,0.18368632689780282,-0.04456414885229473,-0.2998181585632392,0.30277865114252495,0.06351405933398352,-0.36826198132901466,0.2170236163692777,0.0011285889021627425,-0.023208860363852127,-0.1119305468781531
Unnamed: 0.3,1.0,1.0,1.0,1.0,0.004222939868942427,-0.04599598828496396,-0.09075360396123232,0.128877096184358,0.14986411417170137,0.020710075088956822,-0.07468673243674086,-0.07545428455618101,-0.061902150009063774,0.08074143336600992,-0.08061211239003709,-0.3155712657773174,-0.0583195125458103,0.015608832104531187,-0.09439888940339985,-0.27716433602894924,-0.17921486062232664,-0.03960646036127216,0.09620131162098422,-0.0030328978931755107,-0.03589814938657161,0.06660171046352507,-0.09633782275821638,-0.24797607528721433,-0.05601819850821603,0.14186140337610936,-0.16935274375032702,-0.0032468990127948964,0.02613163647721603,-0.00255523687552959,0.03406662910214349,0.012975957461165344,-0.07861370717233186,-0.1571771257265927,-0.16657399093035258,-0.06318703647875328,0.07935695421925384,0.0010387393537980665,-0.009157293353365518,0.01416144145441611,-0.11509876165015176,-0.17737247603843528,-0.022699375917701468,0.042098907690535946,-0.11710007017976956,-0.017541749734255818,0.024383014281500325,0.012429849545553012,0.029120355780265148,0.00573605595235417,-0.06999159946497048,-0.22389801723779013,-0.03157305316740861,0.026294599577897777,0.018845428496551565,-0.0045239859208837645,-0.03602513281145027,0.08336299839131495,-0.0020202801377241517,-0.1723297222135206,-0.05105769423751696,0.11219271553718224,-0.08808293335565898,0.028941129717676692,-0.019445779194766092,-0.0033031458706691023,-0.029016922490943176,-0.12740692951258795,-0.31879123703332113,0.07231905822756032,0.36369493520865,0.057592890920248926,-0.055463768429116156,-0.35906141521686286,-0.2477617401994644,-0.09260589803718357,0.18368632689780282,-0.04456414885229473,-0.2998181585632392,0.30277865114252495,0.06351405933398352,-0.36826198132901466,0.2170236163692777,0.0011285889021627425,-0.023208860363852127,-0.1119305468781531
Unnamed: 0.2,1.0,1.0,1.0,1.0,0.004222939868942427,-0.04599598828496396,-0.09075360396123232,0.128877096184358,0.14986411417170137,0.020710075088956822,-0.07468673243674086,-0.07545428455618101,-0.061902150009063774,0.08074143336600992,-0.08061211239003709,-0.3155712657773174,-0.0583195125458103,0.015608832104531187,-0.09439888940339985,-0.27716433602894924,-0.17921486062232664,-0.03960646036127216,0.09620131162098422,-0.0030328978931755107,-0.03589814938657161,0.06660171046352507,-0.09633782275821638,-0.24797607528721433,-0.05601819850821603,0.14186140337610936,-0.16935274375032702,-0.0032468990127948964,0.02613163647721603,-0.00255523687552959,0.03406662910214349,0.012975957461165344,-0.07861370717233186,-0.1571771257265927,-0.16657399093035258,-0.06318703647875328,0.07935695421925384,0.0010387393537980665,-0.009157293353365518,0.01416144145441611,-0.11509876165015176,-0.17737247603843528,-0.022699375917701468,0.042098907690535946,-0.11710007017976956,-0.017541749734255818,0.024383014281500325,0.012429849545553012,0.029120355780265148,0.00573605595235417,-0.06999159946497048,-0.22389801723779013,-0.03157305316740861,0.026294599577897777,0.018845428496551565,-0.0045239859208837645,-0.03602513281145027,0.08336299839131495,-0.0020202801377241517,-0.1723297222135206,-0.05105769423751696,0.11219271553718224,-0.08808293335565898,0.028941129717676692,-0.019445779194766092,-0.0033031458706691023,-0.029016922490943176,-0.12740692951258795,-0.31879123703332113,0.07231905822756032,0.36369493520865,0.057592890920248926,-0.055463768429116156,-0.35906141521686286,-0.2477617401994644,-0.09260589803718357,0.18368632689780282,-0.04456414885229473,-0.2998181585632392,0.30277865114252495,0.06351405933398352,-0.36826198132901466,0.2170236163692777,0.0011285889021627425,-0.023208860363852127,-0.1119305468781531
Unnamed: 0.1,1.0,1.0,1.0,1.0,0.004222939868942427,-0.04599598828496396,-0.09075360396123232,0.128877096184358,0.14986411417170137,0.020710075088956822,-0.07468673243674086,-0.07545428455618101,-0.061902150009063774,0.08074143336600992,-0.08061211239003709,-0.3155712657773174,-0.0583195125458103,0.015608832104531187,-0.09439888940339985,-0.27716433602894924,-0.17921486062232664,-0.03960646036127216,0.09620131162098422,-0.0030328978931755107,-0.03589814938657161,0.06660171046352507,-0.09633782275821638,-0.24797607528721433,-0.05601819850821603,0.14186140337610936,-0.16935274375032702,-0.0032468990127948964,0.02613163647721603,-0.00255523687552959,0.03406662910214349,0.012975957461165344,-0.07861370717233186,-0.1571771257265927,-0.16657399093035258,-0.06318703647875328,0.07935695421925384,0.0010387393537980665,-0.009157293353365518,0.01416144145441611,-0.11509876165015176,-0.17737247603843528,-0.022699375917701468,0.042098907690535946,-0.11710007017976956,-0.017541749734255818,0.024383014281500325,0.012429849545553012,0.029120355780265148,0.00573605595235417,-0.06999159946497048,-0.22389801723779013,-0.03157305316740861,0.026294599577897777,0.018845428496551565,-0.0045239859208837645,-0.03602513281145027,0.08336299839131495,-0.0020202801377241517,-0.1723297222135206,-0.05105769423751696,0.11219271553718224,-0.08808293335565898,0.028941129717676692,-0.019445779194766092,-0.0033031458706691023,-0.029016922490943176,-0.12740692951258795,-0.31879123703332113,0.07231905822756032,0.36369493520865,0.057592890920248926,-0.055463768429116156,-0.35906141521686286,-0.2477617401994644,-0.09260589803718357,0.18368632689780282,-0.04456414885229473,-0.2998181585632392,0.30277865114252495,0.06351405933398352,-0.36826198132901466,0.2170236163692777,0.0011285889021627425,-0.023208860363852127,-0.1119305468781531
2011_2016_percent_upzoned,0.004222939868942427,0.004222939868942427,0.004222939868942427,0.004222939868942427,1.0,0.8478675685935012,0.0738058572696516,0.006034043448809223,0.48778561587625113,-0.013585016573841703,0.050829526154743294,0.035583297254446006,0.018928074731008042,0.0042547962862699105,-0.018888913382769136,0.028088769780408435,0.0015731410407052355,0.04825463334753879,0.07076125806697736,0.017295185360194528,0.09859558158665932,-0.1227738386161427,-0.02081537002736473,-0.01969826232033786,0.023024197816592335,0.018387366843894252,0.018722254053609087,0.08964497403226968,-0.07366761344488598,-0.02044454391537657,0.1077842545279919,0.005753830076553222,-0.00023921583860964685,0.015821434820271228,-0.002097442739381309,0.02414200092619945,0.036433326139113924,0.018673064798627174,0.06835850705136053,-0.08764234429114562,-0.012082417394672014,-0.030239123959368563,-0.0072583308672138445,0.022325191191816616,0.006449272811233036,0.03042301595249333,-0.07946056578839995,-0.009096502495471833,0.0667263138953874,-0.017154655017694004,0.027932585095859663,-0.008722093438996333,-0.025832662777398385,0.03882061411913784,0.08150885049531217,0.008516696540131437,0.07021755428672084,-0.07259546042376974,-0.013382254812151282,0.013637080805704123,0.04707419817651788,-0.006730011274756302,0.02185708584023552,0.0899005038109834,-0.0033967988162820094,-0.01537242189931833,0.05861581912580775,0.031129681428344217,-0.03621455312843057,0.006997129073430839,0.014230561082389244,0.03493111037490562,-0.11429213966835743,0.07926361627726781,0.04899651225316579,-0.018737729815252104,-0.07546232258592833,-0.06568403217206695,0.02182266674669361,0.06595279675587047,-0.04846919921887543,-0.02369770085625181,-0.05042739425948348,0.04432894805571926,-0.03325678347507243,-0.06538601735473888,-0.08836038217691329,0.10375321680992282,-0.013519427764050336,0.014334823674947613
2011_2019_percent_upzoned,-0.04599598828496396,-0.04599598828496396,-0.04599598828496396,-0.04599598828496396,0.8478675685935012,1.0,0.5647521898181056,0.003955490245003012,0.3391026663478926,0.2402632712015137,0.044861145422752484,0.03254563027858465,0.01789603797473445,-0.02683794446564553,-0.02117037130229089,0.09020233964017918,0.01972057981838367,0.05517073080510135,0.10809976263969699,0.005948123269449903,0.05979831756222294,-0.11634457204314884,-0.0267917880380488,-0.027801170133009586,0.021295452316038115,0.01909157987940961,0.004843558209726081,0.060744008634759816,-0.07195337595800219,0.0040807466039832945,0.08754814420300908,0.0017095871484967792,0.004940737408273844,0.012021993051448042,0.0006779117056046183,0.02805997649095046,0.07561237393121555,0.005808601381435899,0.0258397693424944,-0.09380785198718894,-0.016147271476949637,-0.029007369229970142,-0.0022447127140328657,0.017667331705212848,0.0011945537203413776,0.0015215101939055594,-0.07584368030034706,0.01821819538225911,0.04966850280189156,-0.011871953235023677,0.023602289455723874,-0.009277570115187454,-0.019010984508561923,0.04378016575271263,0.09875597321776391,0.006266854483421858,0.07363439187398368,-0.05414585412702314,-0.016439273790757655,-0.0004933165047090351,0.03855351717324467,0.0013357055434963928,0.006999116607000629,0.06195414962073092,-0.006154373630744004,-0.019995602711009742,0.053613370946740666,0.01799111697482178,-0.023542767911049863,0.0034535878169090544,0.002476811522321574,0.10949991211571669,-0.12259768204892435,0.0680440100194156,0.12904955955200975,-0.054005442272909904,-0.09033956735668733,-0.0744177543215519,0.08002799831343874,0.11025165521271171,-0.04041367064194378,-0.05886920819369293,-0.06411423831832284,0.04608528903916035,-0.04185304683213552,-0.0727940150959448,-0.13351011954274672,0.1505841943608865,-0.022057126124487434,0.019383971051958392
2016_2019_percent_upzoned,-0.09075360396123232,-0.09075360396123232,-0.09075360396123232,-0.09075360396123232,0.0738058572696516,0.5647521898181056,1.0,-0.008657790517038619,-0.12630028686369663,0.29928558753875695,0.00353448414689432,0.004831089373248247,0.0041930034762315185,-0.05668906449252784,-0.00975969741443338,0.14101344077872474,0.030813745250563667,0.016693981774784202,0.08220645170703061,-0.012373097707886188,-0.04199167541277868,-0.01614992196675906,-0.02667976234794436,-0.011301475468479608,0.0036124366123072484,-0.007614760058059499,-0.029205372804207264,-0.028615297338067072,-0.040897992868850735,0.0383712821119102,0.00590293859462858,-0.008181644800544945,0.022576775154628526,-0.0012540112112841616,0.0037494914251105216,0.000637997593848103,0.07085174582110121,-0.009293632841590752,-0.05047248610894102,-0.02749830077470765,-0.027670562394638436,-0.0033437616633031284,-0.0020238568822008255,-0.016146660880742136,-0.0032070870572658955,-0.04429360094017135,-0.04015303556816648,0.050550893953485464,0.004005966286380605,-0.0023690470396694275,0.01030945137015998,-0.002759151832718766,0.006709134952458469,0.023614307026255447,0.05786373056937745,-0.007305411357277686,0.012237987327320529,0.012290286893808575,-0.0018492547052993945,-0.012487067779795009,0.010880082485354414,0.013165253112322025,-0.039476567884204145,-0.027954648468217158,-0.007553588052006723,-0.01790317825544019,0.0030638198375641406,-0.00882627753918919,0.016340297872166985,-0.0043604342717044305,-0.021754385812411847,0.13494797207090578,-0.048316303226750956,-0.00041783583826781494,0.165340431207421,-0.07227878696346689,-0.05111929922523504,-0.0372338024509509,0.10188239175776027,0.0983585268685048,0.006239436794409108,-0.06109503503515009,-0.05136703671050825,0.024359675847669387,-0.029053701677139557,-0.035219907394573285,-0.11167082485975621,0.11891711034936275,-0.012290459464927425,0.013299962182971688
2011_2016_average_years_since_upzoning,0.128877096184358,0.128877096184358,0.128877096184358,0.128877096184358,0.006034043448809223,0.003955490245003012,-0.008657790517038619,1.0,0.5102095675177786,0.0016777605254749272,0.004564951821650265,-0.0365265543419424,-0.05596099648362529,-0.08338409750863815,-0.07004423824278921,-0.06521972268970211,-0.09621202703028464,0.035982832899873314,-0.020279921983219745,0.009092316618785358,0.06089074852689427,0.0770680586269169,0.027234535262793683,-0.0754924697435631,0.0481739188691576,0.11132463463343584,-0.009811031290178965,-0.09118891566395632,0.10071923466062217,-0.06652328898798003,-0.04527249512840155,0.02288502132359795,-0.05788227526509011,0.05363853797234138,-0.04686647292899769,-0.1065842052995049,-0.05770078497591041,0.004093348766461588,0.06491381481841776,0.10469226716006871,0.03371324119762085,-0.07660863060171827,0.028898238221495474,0.05400356646703078,-0.0054692818681861,-0.08693164857135105,0.07398855783141918,-0.05063164390489815,-0.0880916561673037,-0.020883365136714103,-0.022503421593792705,-0.009402635290317866,0.010181889972883421,0.2016596905606433,0.05422539481676517,0.009674027339450969,-0.0008623414557269305,-0.02234357662461619,-0.0060520576951918455,-0.007610623799673841,0.009914354809307581,0.10755221462538424,-0.017486895607969722,0.00798975125564243,0.04804980729310751,-0.024105738753632526,0.035945407901563683,0.07145122306594696,-0.04721695040403476,0.06052145248463237,-0.1143853680662684,-0.09612501360682037,-0.027429724205216045,0.188720777510599,-0.1702010992895764,-0.10335681580879463,0.0826762322418939,0.03262810079061511,-0.07251677103947021,-0.022225935351860644,0.07139601557691351,0.033501026269883605,-0.17014899378603443,-0.0877299526186278,0.022893270700173687,0.08135555934615528,0.043429045106664954,0.017598356746393966,0.07259620520756317,0.028345099019814243
2011_2019_average_years_since_upzoning,0.14986411417170137,0.14986411417170137,0.14986411417170137,0.14986411417170137,0.48778561587625113,0.3391026663478926,-0.12630028686369663,0.5102095675177786,1.0,0.1420996655641555,0.08459070921042816,0.014641847032363648,-0.03193266478052547,-0.07029374877625451,-0.03977519810841865,-0.186866226514023,0.050273877166955895,0.08318088658256793,0.05676220342457108,-0.06535549194461251,0.13722114323501938,-0.12450419499386707,-0.022413832931371013,-0.006496596743630141,0.0552951767924563,0.09008165218007794,-0.029354182085243187,-0.017881731622326133,-0.13765861880575997,-0.002403624865076413,0.009791681345197374,0.041547730099232585,-0.019806811991159218,0.060167046944785314,-0.007877196777958175,0.042196343052616735,0.03256409165969029,-0.03290014306603514,0.12546721289079338,-0.0977449490273497,-0.02175691641658518,-0.03444562271766856,0.061947775069801016,0.08330412350228682,-0.06756873733875479,-0.01782019128891176,-0.10610451193980734,0.0019940455797181336,-0.011292988170293316,-0.02244095002366121,0.04640306921007002,0.0010998807263923108,-0.019241976923888557,0.06579075628223094,0.06474006378227146,-0.06338162017353395,0.05017297336824971,-0.06809937312066784,-0.002450500174533202,0.037736165657552,-0.012948133665648155,0.027511881276494198,0.05263412953204139,-0.014760363404074245,-0.06271577616059888,-0.006552643923761847,0.030297000591308278,0.09758571358267717,-0.08810570674698248,0.06503147771206425,-0.026584490066576705,-0.20162802869198562,-0.24785362583361475,0.17558134878075626,0.028156636235369473,0.014677867727700564,-0.12114574640352353,-0.16881513112468047,-0.22244384483138432,-0.19841268940387916,-0.004828926720396,-0.050969356627083094,-0.20052281759183943,0.22694627329058542,-0.005993758704766842,-0.18635201252390812,0.14792900413164875,-0.09527558780033696,0.0340881066346197,-0.001580176187723768
2016_2019_average_years_since_upzoning,0.020710075088956822,0.020710075088956822,0.020710075088956822,0.020710075088956822,-0.013585016573841703,0.2402632712015137,0.29928558753875695,0.0016777605254749272,0.1420996655641555,1.0,-0.019843972321364884,-0.02766183305717696,-0.029861894065404345,-0.15479481735526734,-0.03889729537362092,-0.010130905754606782,0.19519240739959226,0.045892468889938316,0.14587652999923162,-0.1240519765823361,-0.10430841123417614,-0.17321871313961265,0.03101001119060106,-0.050049983579302335,-0.016639051330145094,0.0939369422428288,-0.11542507990453661,-0.0951938569230249,-0.1596358081073524,0.12239279016562453,-0.07597922186201518,0.04324843392967238,-0.013939936674416398,0.07034055056801226,0.06635618183570778,-0.05851184984646032,0.11262034115766577,-0.08869196900073283,-0.12913616978882958,-0.18685172099563704,-0.03383887566509245,0.028981860741610223,-0.006517643765499556,0.023982012886718748,-0.14225144447011137,-0.14336529424228267,-0.17653206942586355,0.10796252921017076,-0.034189032025560916,0.021565318849035342,-0.011710923545485238,0.10580878008722039,0.11327118288006488,0.1368576853535119,0.12775794664414408,-0.09925685985788932,0.05521545936534115,-0.012596554160034098,0.08471521255434857,-0.10644192680152512,-0.013905276384132532,0.10243250165832753,-0.010530290590844291,-0.025240570058852968,0.004726891376368789,0.025731460663782606,-0.07897175071979799,0.03600809651361756,-0.004178491498179861,-0.018147454439362054,-0.05337171383205589,0.07029735906905964,-0.262350040266191,0.23336305563450424,0.3458839242841449,-0.22099685263037533,-0.2810015039771956,-0.22059585123716616,-0.02872330205818573,0.1541364255115149,-0.11802707692772206,-0.2356068828745032,-0.135521708952519,0.2963273000101775,0.02965583416838432,-0.29846021297454756,-0.09530545142868058,0.1955530502699039,-0.033534087897279914,0.0012696654607765405
d_2011_2016_resid_units,-0.07468673243674086,-0.07468673243674086,-0.07468673243674086,-0.07468673243674086,0.050829526154743294,0.044861145422752484,0.00353448414689432,0.004564951821650265,0.08459070921042816,-0.019843972321364884,1.0,0.5333365715824293,0.2078103161030808,-0.2215106033444018,-0.009132558922905562,0.12325521585886713,0.04396624975276659,0.1878195690993592,0.4024597659091538,0.21160285327023864,0.032618906377142064,-0.0036971860948072735,-0.08251079612485465,0.027139824365330436,0.030546420579770923,-0.042890486267163276,0.21124836115371104,0.1776365476926376,0.03106938958004723,-0.018530998355296074,0.0893626164816767,-0.002638373309265198,0.008450429013668662,-0.04047351567582663,-0.03848232894751095,0.09406692470503755,0.3021663148009232,0.12356152729466033,0.03409936309309294,-0.00883319431774657,-0.08232227583602675,0.027044427337216907,0.030982198881634046,-0.010424676649975312,0.18397886952122314,0.172322214892697,-0.004173596893407752,0.010972345530845388,0.06495068808854104,2.998577968031184e-05,-0.0030005679666366063,-0.023381246687140374,-0.019208130578952085,0.15096791538956286,0.34100088508996235,0.16200451251235323,-0.0006944692006644206,0.006670118202036176,-0.008755363265901383,0.001751641147448933,0.003649657124840603,-0.04740905680821356,0.08947294122594178,0.07745537515412818,0.0512679160124279,-0.03929213669871791,0.036257431230046495,-0.003221751988795335,0.014279863585061047,-0.014350993393480045,-0.012141619678347315,-0.029335546906615363,0.04877897769449935,-0.04465881511369259,-0.005156735495253365,0.007535821632715006,-0.057264858381364525,0.16499298944590074,0.017444036666468474,0.12321649225763022,-0.13167384999014142,0.06322311175576686,0.10231271776088212,-0.1546311493468319,-0.20070351722387647,0.1727658081238826,-0.16452855196950622,0.07966801765587748,0.05322389247426272,0.07819577238121642
d_2011_2019_resid_units,-0.07545428455618101,-0.07545428455618101,-0.07545428455618101,-0.07545428455618101,0.035583297254446006,0.03254563027858465,0.004831089373248247,-0.0365265543419424,0.014641847032363648,-0.02766183305717696,0.5333365715824293,1.0,0.9308907239573162,-0.12280712545557766,0.012664915096818795,0.054711886495321195,0.023948066809738343,0.07725347936966215,0.25135821747887477,0.14373149917722244,0.005558069219413577,0.020850494400297313,-0.07807106948054927,0.03077301387531576,0.028270123962349448,-0.044190181215178696,0.12630947800100012,0.12309766663664115,-0.008213563647257194,-0.042281978447375246,0.0735673149988643,0.015015121278345549,0.029493061144471294,-0.02880462296287992,-0.03613840592523489,0.04916581959513543,0.19661249178372425,0.1004575111630594,0.010101339310903389,0.03783703999422672,-0.0932987557729727,0.02690263612470199,0.028558913160418087,-0.002736980109844354,0.12291226793804282,0.09829003426138637,-0.015102025455847297,-0.025335000241143418,0.0661507452762308,0.018396175752198537,0.008983206214682809,-0.020736099246720985,-0.00403783438359968,0.0482674380491066,0.20278325499605204,0.09106591402913117,-0.009081252700720157,-0.01822725471409893,0.01081424743867673,0.007606371792071386,0.0016774818021833187,-0.060919900968115726,0.045834219629731554,0.07827793710611061,0.007818836125444586,-0.021504934112923976,0.01342478331026881,-0.0038277288684376823,0.026464335283558283,-0.0046719050228889525,-0.04103202794502966,-0.04320050222112487,0.05053712346354103,-0.04109364918430044,-0.019655923642123423,0.020129175016184466,-0.020104082998444114,0.0851631908141324,-0.01816927851681606,0.0484234604870877,-0.06943017041631518,0.0865652876517403,0.06344478677329343,-0.09272450976192462,-0.1047519962041884,0.10306991246414951,-0.08657812261597769,0.03590474541368508,0.040589936626952934,0.0437951274762603
d_2016_2019_resid_units,-0.061902150009063774,-0.061902150009063774,-0.061902150009063774,-0.061902150009063774,0.018928074731008042,0.01789603797473445,0.0041930034762315185,-0.05596099648362529,-0.03193266478052547,-0.029861894065404345,0.2078103161030808,0.9308907239573162,1.0,-0.05811036390358631,0.01797053600793232,0.01629528122012112,0.008242986184738624,0.012455252257494278,0.12606904792273646,0.08868925103550367,0.0011332697489422703,0.022130206267491778,-0.05832385715852335,0.022782599778339827,0.020662966040737543,-0.030151023629718044,0.07559395045593842,0.06801355461347455,-0.019239409393231655,-0.042712433843146276,0.05275103148259164,0.01887998888531373,0.029359506629203478,-0.018091985551941494,-0.029571240829556714,0.01927915749245611,0.1047041334278885,0.06942993188104121,0.003765571251291536,0.04698562284891731,-0.07585637716758692,0.01869788347582858,0.019774556488418082,0.001140523856047838,0.07828157945206098,0.04340874733510918,-0.01269228932008043,-0.033390233797065606,0.051465996479840674,0.0210047079193389,0.011853759902627128,-0.01362535467061932,-0.0017914761841483686,-0.007205373765237016,0.09383984169948988,0.0475953265940802,-0.0053354043894276205,-0.028718836608393868,0.01571250869033212,0.0074471819907905405,0.0020069554340930687,-0.04610491606417029,0.020553806833536647,0.052456246960818916,-0.011710453841267867,-0.011147187723170207,0.004372756664687468,-0.0019133518454911304,0.022466879309386536,-0.0012592652352094004,-0.04300137744454374,-0.03880573751605025,0.04186304021392817,-0.03179309017277486,-0.026271986156737287,0.023576467603906866,0.00028560290369180003,0.04239004989555275,-0.02632773061904947,0.009886733272168552,-0.030762728490183477,0.0814406432879355,0.035327398589898626,-0.05084468148165839,-0.04323146872642088,0.05701174427060226,-0.03848473547318283,0.009441725914184778,0.028187297113213855,0.02705697709513507
orig_percent_residential,0.08074143336600992,0.08074143336600992,0.08074143336600992,0.08074143336600992,0.0042547962862699105,-0.02683794446564553,-0.05668906449252784,-0.08338409750863815,-0.07029374877625451,-0.15479481735526734,-0.2215106033444018,-0.12280712545557766,-0.05811036390358631,1.0,0.01758678538153162,-0.11853062945009081,-0.0942898407023354,-0.08242106392881442,-0.21262059960077764,-0.14136389690579895,0.01876866970944958,0.01721251281042781,0.06031439241927175,0.040536998876413766,-0.08463877646347574,-0.017766320164448384,-0.06296538154417532,-0.1271557041040819,0.025150762783773983,-0.08006208114835232,-0.039329378126378704,0.016545515876390592,-0.01840515806184013,-0.15838173916212747,0.0816312161977685,-0.02658906418909659,-0.1783005936820708,-0.16599772646614594,0.024886369620156088,0.02103948393500696,0.05786035766836541,0.019919382642110996,0.03230074511789812,-0.02418518640098656,-0.11033126681097032,-0.15839556554182072,0.02965109174110021,-0.06077879016522909,-0.046092528764436196,0.0101173576457521,-0.010324829156642372,-0.12699169746201663,-0.018049578062646596,-0.08564363971834509,-0.15605337730880553,-0.006964580186789481,-0.01337781164637432,0.010908266204674779,-0.024327158818471414,0.025958820012196803,-0.07451943928232681,0.016370508960261067,0.04033276494892948,-0.003632963975011107,-0.03071476990879189,-0.046702118886083506,0.005038489429651987,-0.0032313065203420145,0.0091503681090666,-0.12005181728344932,0.031835688848999844,0.10848887544386851,0.008675846979848748,0.026039159925577048,-0.16430075005917388,0.08732360758816565,0.06094578048365199,-0.1304057001445769,0.04887873499075808,-0.3762376645846752,0.23509954968237315,0.2435581095171058,0.13232421482815762,0.18704150435224787,0.40398192917955844,-0.0864863557408478,0.3877213521383186,-0.15204490711192245,-0.26432814591159265,-0.34134503530656707
orig_percent_limited_height,-0.08061211239003709,-0.08061211239003709,-0.08061211239003709,-0.08061211239003709,-0.018888913382769136,-0.02117037130229089,-0.00975969741443338,-0.07004423824278921,-0.03977519810841865,-0.03889729537362092,-0.009132558922905562,0.012664915096818795,0.01797053600793232,0.01758678538153162,1.0,0.06198012272185043,-0.018303565791593212,-0.027612283760405917,-0.07323396320864632,0.07792413246136198,0.03493639169564065,0.039420977880107615,-0.006969649222761081,0.0022694265108232897,-0.0005563302363739426,-0.01388741504571027,0.060979390427998145,0.031279488781375354,0.04762667151077404,-0.042980667582211016,-0.014576564221086491,-0.0049426583048702965,0.015445142835154805,-0.0001979347739526461,0.017636705985203626,-0.0074119694710827605,-0.05645210676458785,-0.06474168020665752,0.039239922670826384,0.027977398189764795,0.0021935324099354586,0.008000474796366867,-0.0008076039470283754,-0.005678358771743191,0.06319386722117373,0.01958379279859737,0.029962521116042046,-0.03808362114680179,-0.016512688563014008,-0.002675698755661178,-0.006911213510467249,-0.0013186866531321696,0.007447290432980015,-0.030666593444132445,-0.060155068018563324,0.18845484089557832,-0.005682105070838314,0.023990409413224115,-0.012125750113257132,-0.008256707685828217,0.002063663985386008,-0.011876023925111593,0.00943380155739392,0.046717442695670575,0.029959670450406095,-0.00558040610562362,0.001935480088860807,-0.0036182510517335123,0.029593118930360082,-0.0024576108453046117,0.014973499070133815,0.04501517015375069,0.11463136850172055,-0.06315627170459798,-0.07526889666539184,-0.03933030173986904,0.07339443145754451,0.310386228817069,0.09364883421292998,0.061780568324445326,-0.10396649649852258,0.133479065199066,0.07033321497941114,-0.103196507050695,-0.03282941864919694,0.2079234899009857,-0.09567943635776424,0.013152091775233906,0.02483809863923399,0.06092232646410944
orig_percent_mixed_development,-0.3155712657773174,-0.3155712657773174,-0.3155712657773174,-0.3155712657773174,0.028088769780408435,0.09020233964017918,0.14101344077872474,-0.06521972268970211,-0.186866226514023,-0.010130905754606782,0.12325521585886713,0.054711886495321195,0.01629528122012112,-0.11853062945009081,0.06198012272185043,1.0,0.14621567519091275,0.06229687530237136,0.16934278853991308,0.28758690779780466,0.05961028959975585,-0.027731065416660393,-0.06420094136651594,-0.054672391540515286,0.017553845221560643,-0.011199346498935133,0.15336044482011285,0.2299703364727815,0.04190173095056864,-0.018959384795156055,0.09901011427138533,-0.009098313093625,-0.005656715481973229,-0.017767341817146714,-0.046973091213022324,0.08980248945917742,0.14256690633768082,0.1577682982136314,0.024889353646974633,-0.037096608976575886,-0.0406158250364242,-0.01985021111427156,0.024727303829778075,0.019756351016646464,0.1710407509913376,0.1466604608091872,0.03480202267935728,0.030433996643234793,0.09017297533308287,-0.0059816995845427545,-0.005179634056799818,-0.022072539504459154,-0.008755154458736706,-0.027292230323716093,0.12356850626409062,0.23202633451318913,0.11416279817387984,0.009539628370348371,-0.07573532408823613,-0.05530383610959041,0.007777641823000246,-0.04610104374452431,0.024689163990330856,0.13851157537626949,0.009007713896255817,-0.06851982573823374,-0.020259521595782218,-0.007199327592010814,0.004075358689761488,0.041445145192656685,-0.02067489248019202,0.5554261962907551,0.12304382679586552,-0.17092654389943762,0.06878774989276845,0.03089679469953737,-0.14055779661436513,0.3246061169488433,0.6296597401806427,0.4773441284605834,-0.17013038791101778,0.032261173060458274,0.20752513382111534,-0.28880543368016737,-0.2554571240274699,0.3126362855132993,-0.5652431720702475,0.29041937823304637,0.003433708332206403,0.17489435276618134
orig_percent_subsidized_properties,-0.0583195125458103,-0.0583195125458103,-0.0583195125458103,-0.0583195125458103,0.0015731410407052355,0.01972057981838367,0.030813745250563667,-0.09621202703028464,0.050273877166955895,0.19519240739959226,0.04396624975276659,0.023948066809738343,0.008242986184738624,-0.0942898407023354,-0.018303565791593212,0.14621567519091275,1.0,0.01366833441424502,0.1436743829404237,-0.009569106692081246,0.0033288347919131767,-0.059468015776802836,-0.058853548087355996,-0.02176171361592388,0.014493889969688731,0.04881118813862595,-0.09516397984576545,0.0542762095860003,-0.06698457220537113,-0.005681721254185979,0.004373060627754819,-0.01693807621734929,0.053112081762146886,-0.004893858042965104,0.006126255191507643,0.02009953989412408,0.10304033130316964,0.00872700675675645,-0.01495291052632132,-0.07936226704316364,-0.046098775656736674,-0.010533142084166404,0.019177683656929765,0.031566507320861734,-0.06556219599113025,0.0015812968524788254,-0.045865941005089145,-0.010494933844531824,0.01975393608370102,-0.003287803111534287,0.02484222255522696,-0.005427811799438296,0.006205672199002219,-0.006511280060171246,0.12797032482095735,-0.024407563792442036,0.03618361418825403,0.014934799375073495,-0.022020735910269765,-0.01806861030548711,-0.0012845451501081319,0.024070633472355628,-0.06214904403131054,0.05629167683680206,-0.03988201227548104,0.005440154462191922,-0.0189397147567483,-0.020335675612519668,0.037183544756231236,-0.008416721362377418,-0.030282013722971776,0.18418729033823059,-0.12257312086522498,0.10630211179342838,0.14504294523749225,-0.09502932956900198,-0.14474869135423704,-0.09493571789068748,0.15016338722790112,0.19045065460908853,0.03752197566199873,-0.28084693765852986,-0.06048197741400801,0.04742079989565227,0.02836512257172649,-0.11192188171913607,-0.1845872468784774,0.1719360062322072,-0.024925251280667315,0.043843566647031526
d_2011_2019_pop_density,0.015608832104531187,0.015608832104531187,0.015608832104531187,0.015608832104531187,0.04825463334753879,0.05517073080510135,0.016693981774784202,0.035982832899873314,0.08318088658256793,0.045892468889938316,0.1878195690993592,0.07725347936966215,0.012455252257494278,-0.08242106392881442,-0.027612283760405917,0.06229687530237136,0.01366833441424502,1.0,0.48720330968086595,-0.014659270701891821,0.0037696141338111264,-0.0821778590858589,0.04850376657594432,0.020533039929625536,-0.012890981713731124,0.35846816728874464,0.16945222460772283,0.11340134418942789,0.27296793781507245,-0.0224569061062388,0.03255132910575935,0.00979653194314649,-0.033836633503975685,-0.05508794044187233,-0.1192268488518397,0.7468992776019683,0.41645572972542927,0.003184147559837188,0.019786855060231437,-0.07126123792497843,0.012899333568476865,0.028554061708946865,0.005230476181014176,0.22378561217446047,0.13656158407955338,0.1069578322314356,0.19315898852330476,-0.026334799371227385,0.029880202752845836,0.013425233882659475,-0.03272005326162259,-0.031129398821059175,-0.08328714955351356,0.4789416118039208,0.3473922277266666,-0.025384751003557394,-0.033380688595970036,-0.03173409990118203,0.047564736771310026,-0.010481021966880425,-0.021620161138397133,0.18937624091076644,0.08155616197545963,0.037929295090369755,0.14466504683562043,0.005401512529928192,0.005651495988228686,-0.005273116459211782,0.0004990444660068742,-0.015273227161471952,-0.0601003796535744,-0.039163305402964046,-0.026521622383210958,0.061653229569910734,0.01822508076628237,-0.09636577337042207,-0.010863551864964823,0.015197369761389065,0.044651412930130654,0.11514688021636629,-0.1899791108989533,-0.05792120772483408,-0.029526209847221273,-0.09263675506148988,-0.08583089257923268,0.022389314080705162,-0.09358652204243229,0.11787522120326671,0.006753314546072352,0.09277783193785206
d_2011_2019_resid_unit_density,-0.09439888940339985,-0.09439888940339985,-0.09439888940339985,-0.09439888940339985,0.07076125806697736,0.10809976263969699,0.08220645170703061,-0.020279921983219745,0.05676220342457108,0.14587652999923162,0.4024597659091538,0.25135821747887477,0.12606904792273646,-0.21262059960077764,-0.07323396320864632,0.16934278853991308,0.1436743829404237,0.48720330968086595,1.0,0.20107581219769086,0.05690234914232993,-0.10795003430073997,-0.057317520770230064,-0.007335647280787923,0.060194737719302026,0.03800761432470797,0.13735716736773385,0.12483560137091898,-0.06242875250784235,0.006661211594212982,0.16126353761049572,-0.017064190998444466,0.026237097377262274,-0.06171753787210743,-0.13858729630133912,0.3527588991940807,0.8457000443989806,0.16366032318852433,0.03873233252904596,-0.10854242567903952,-0.050632453202959386,0.003913294910182079,0.04577327490405053,0.04106220019101875,0.13747618203864015,0.09066724507574908,-0.05932675833656576,0.01365533653740294,0.11898900592775437,-0.008236637208617066,0.009060720726102258,-0.03624142569099511,-0.07429413599868628,0.24803953850684646,0.7247671305076899,0.09994433395119755,0.040790112233624484,-0.021359856129943622,-0.014498091177918069,-0.0172163387968616,0.027302872536397106,-0.0062155367207774965,0.028672209424371427,0.05983391736568849,-0.01479220529569219,-0.009958191328189724,0.06298028687600726,-0.01442403005812378,0.0236589046255043,-0.016569166532192644,-0.03979750684490646,0.057294169209681035,-0.09535873162408554,0.1037233553892632,0.10058397625573796,-0.10691618469552819,-0.10739771638766654,0.011092606659733733,0.04780510175786863,0.21014476678328198,-0.10209524529353639,-0.14850000595493987,-0.01819000293500379,-0.06907467566093523,-0.14590548631335437,0.00969516743115407,-0.21877615007467974,0.20431806759945323,0.040160358697360655,0.15813176410596072
