DoF: 755
DoF Baseline: 1015
chi2: 2947.607136172239
chi2 p-value: 0.0
chi2 Baseline: 46624.959495848256
CFI: 0.9519270097932925
GFI: 0.9367804890761415
AGFI: 0.9150095316718989
NFI: 0.9367804890761415
TLI: 0.935372072768466
RMSEA: 0.042777802635588225
AIC: 556.287648443108
BIC: 2059.952228149091
LogLik: 1.8561757784459942
